Brest.tide <-
structure(list(x = c(100.313518936544, 100.936384737677, 101.559250538811, 
102.182116339944, 102.804982141078, 103.427847942211, 104.050713743345, 
104.673579544478, 105.296445345612, 105.919311146746, 106.542176947879, 
107.165042749013, 107.787908550146, 108.410774351280, 109.033640152413, 
109.656505953547, 110.279371754680, 110.902237555814, 111.525103356947, 
112.147969158081, 112.770834959214, 113.393700760348, 114.016566561481, 
114.639432362615, 115.262298163748, 115.885163964882, 116.508029766016, 
117.130895567149, 117.753761368283, 118.376627169416, 118.999492970550, 
119.622358771683, 120.245224572817, 120.868090373950, 121.490956175084, 
122.113821976217, 122.736687777351, 123.359553578484, 123.982419379618, 
124.605285180751, 125.228150981885, 125.851016783018, 126.473882584152, 
127.096748385285, 127.719614186419, 128.342479987553, 128.965345788686, 
129.588211589820, 130.211077390953, 130.833943192087, 131.456808993220, 
132.079674794354, 132.702540595487, 133.325406396621, 133.948272197754, 
134.571137998888, 135.194003800021, 135.816869601155, 136.439735402288, 
137.062601203422, 137.685467004555, 138.308332805689, 138.931198606822, 
139.554064407956, 140.176930209090, 140.799796010223, 141.422661811357, 
142.04552761249, 142.668393413624, 143.291259214757, 143.914125015891, 
144.536990817024, 145.159856618158, 145.782722419291, 146.405588220425, 
147.028454021558, 147.651319822692, 148.274185623825, 148.897051424959, 
149.519917226092, 150.142783027226, 150.765648828360, 151.388514629493, 
152.011380430627, 152.63424623176, 153.257112032894, 153.879977834027, 
154.502843635161, 155.125709436294, 155.748575237428, 156.371441038561, 
156.994306839695, 157.617172640828, 158.240038441962, 158.862904243095, 
159.485770044229, 160.108635845362, 160.731501646496, 161.354367447629, 
161.977233248763, 162.600099049897, 163.22296485103, 163.845830652164, 
164.468696453297, 165.091562254431, 165.714428055564, 166.337293856698, 
166.960159657831, 167.583025458965, 168.205891260098, 168.828757061232, 
169.451622862365, 170.074488663499, 170.697354464632, 171.320220265766, 
171.943086066899, 172.565951868033, 173.188817669166, 173.8116834703, 
174.434549271434, 175.057415072567, 175.680280873701, 176.303146674834, 
176.926012475968, 177.548878277101, 178.171744078235, 178.794609879368, 
179.417475680502, 180.040341481635, 180.663207282769, 181.286073083902, 
181.908938885036, 182.531804686169, 183.154670487303, 183.777536288436, 
184.40040208957, 185.023267890703, 185.646133691837, 186.268999492971, 
186.891865294104, 187.514731095238, 188.137596896371, 188.760462697505, 
189.383328498638, 190.006194299772, 190.629060100905, 191.251925902039, 
191.874791703172, 192.497657504306, 193.120523305439, 193.743389106573, 
194.366254907706, 194.98912070884, 195.611986509973, 196.234852311107, 
196.857718112241, 197.480583913374, 198.103449714508, 198.726315515641, 
199.349181316775, 199.972047117908, 200.594912919042, 201.217778720175, 
201.840644521309, 202.463510322442, 203.086376123576, 203.709241924709, 
204.332107725843, 204.954973526976, 205.57783932811, 206.200705129243, 
206.823570930377, 207.446436731511, 208.069302532644, 208.692168333778, 
209.315034134911, 209.937899936045, 210.560765737178, 211.183631538312, 
211.806497339445, 212.429363140579, 213.052228941712, 213.675094742846, 
214.297960543979, 214.920826345113, 215.543692146246, 216.16655794738, 
216.789423748513, 217.412289549647, 218.035155350780, 218.658021151914, 
219.280886953048, 219.903752754181, 220.526618555315, 221.149484356448, 
221.772350157582, 222.395215958715, 223.018081759849, 223.640947560982, 
224.263813362116, 224.886679163249, 225.509544964383, 226.132410765516, 
226.75527656665, 227.378142367783, 228.001008168917, 228.623873970050, 
229.246739771184, 229.869605572317, 230.492471373451, 231.115337174585, 
231.738202975718, 232.361068776852, 232.983934577985, 233.606800379119, 
234.229666180252, 234.852531981386, 235.475397782519, 236.098263583653, 
236.721129384786, 237.34399518592, 237.966860987053, 238.589726788187, 
239.212592589320, 239.835458390454, 240.458324191587, 241.081189992721, 
241.704055793855, 242.326921594988, 242.949787396122, 243.572653197255, 
244.195518998389, 244.818384799522, 245.441250600656, 246.064116401789, 
246.686982202923, 247.309848004056, 247.932713805190, 248.555579606323, 
249.178445407457, 249.801311208590, 250.424177009724, 251.047042810857, 
251.669908611991, 252.292774413124, 252.915640214258, 253.538506015392, 
254.161371816525, 254.784237617659, 255.407103418792, 256.029969219926, 
256.652835021059, 257.275700822193, 257.898566623326, 258.521432424460, 
259.144298225593, 259.767164026727, 260.390029827860, 261.012895628994, 
261.635761430127, 262.258627231261, 262.881493032394, 263.504358833528, 
264.127224634662, 264.750090435795, 265.372956236929, 265.995822038062, 
266.618687839196, 267.241553640329, 267.864419441463, 268.487285242596, 
269.11015104373, 269.733016844863, 270.355882645997, 270.978748447130, 
271.601614248264, 272.224480049397, 272.847345850531, 273.470211651664, 
274.093077452798, 274.715943253931, 275.338809055065, 275.961674856198, 
276.584540657332, 277.207406458466, 277.830272259599, 278.453138060733, 
279.076003861866, 279.698869663000, 280.321735464133, 280.944601265267, 
281.5674670664, 282.190332867534, 282.813198668667, 283.436064469801, 
284.058930270934, 284.681796072068, 285.304661873201, 285.927527674335, 
286.550393475468, 287.173259276602, 287.796125077735, 288.418990878869, 
289.041856680003, 289.664722481136, 290.287588282270, 290.910454083403, 
291.533319884537, 292.156185685670, 292.779051486804, 293.401917287937, 
294.024783089071, 294.647648890204, 295.270514691338, 295.893380492471, 
296.516246293605, 297.139112094738, 297.761977895872, 298.384843697006, 
299.007709498139, 299.630575299273, 300.253441100406, 300.876306901540, 
301.499172702673, 302.122038503807, 302.74490430494, 303.367770106074, 
303.990635907207, 304.613501708341, 305.236367509474, 305.859233310608, 
306.482099111741, 307.104964912875, 307.727830714008, 308.350696515142, 
308.973562316275, 309.596428117409, 310.219293918542, 310.842159719676, 
311.465025520810, 312.087891321943, 312.710757123077, 313.33362292421, 
313.956488725344, 314.579354526477, 315.202220327611, 315.825086128744, 
316.447951929878, 317.070817731011, 317.693683532145, 318.316549333278, 
318.939415134412, 319.562280935545, 320.185146736679, 320.808012537812, 
321.430878338946, 322.053744140080, 322.676609941213, 323.299475742347, 
323.92234154348, 324.545207344614, 325.168073145747, 325.790938946881, 
326.413804748014, 327.036670549148, 327.659536350281, 328.282402151415, 
328.905267952548, 329.528133753682, 330.150999554815, 330.773865355949, 
331.396731157082, 332.019596958216, 332.642462759349, 333.265328560483, 
333.888194361617, 334.51106016275, 335.133925963884, 335.756791765017, 
336.379657566151, 337.002523367284, 337.625389168418, 338.248254969551, 
338.871120770685, 339.493986571818, 340.116852372952, 340.739718174085, 
341.362583975219, 341.985449776352, 342.608315577486, 343.231181378619, 
343.854047179753, 344.476912980886, 345.09977878202, 345.722644583154, 
346.345510384287, 346.968376185421, 347.591241986554, 348.214107787688, 
348.836973588821, 349.459839389955, 350.082705191088, 350.705570992222, 
351.328436793355, 351.951302594489, 352.574168395622, 353.197034196756, 
353.819899997889, 354.442765799023, 355.065631600157, 355.68849740129, 
356.311363202424, 356.934229003557, 357.557094804691, 358.179960605824, 
358.802826406958, 359.425692208091, 360.048558009225, 360.671423810358, 
361.294289611492, 361.917155412625, 362.540021213759, 363.162887014892, 
363.785752816026, 364.408618617159, 365.031484418293, 365.654350219426, 
366.27721602056, 366.900081821694, 367.522947622827, 368.145813423961, 
368.768679225094, 369.391545026228, 370.014410827361, 370.637276628495, 
